0.800
0.686
0.664
0.719
0.720
0.750
0.712
0.677
0.662
0.647
0.638
0.671
0.680
0.665
0.643
0.640
0.661
0.674
0.654
0.664
0.740
0.920
0.903
0.782
0.759
0.776
0.766
0.731
0.777
0.812
0.783
0.736
0.720
0.733
0.737
0.768
0.789
0.816
0.820
0.776
0.725
0.703
0.673
0.656
0.653
0.670
0.747
0.738
0.702
0.737
0.777
0.776
0.806
0.824
0.876
0.806
0.786
0.759
0.737
0.688
0.746
0.755
0.846
0.901
0.968
0.932
0.787
0.706
0.681
0.684
0.719
0.820
0.932
0.959
0.850
0.727
0.677
0.658
0.684
1.036
1.025
0.986
0.977
0.933
0.839
0.781
0.695
0.680
0.867
1.006
0.906
0.877
0.741
0.717
0.719
0.817
0.971
1.001
0.948
0.841
0.823
0.918
1.035
0.994
0.806
0.722
0.726
0.782
0.919
0.970
0.930
0.806
0.789
0.811
0.830
0.896
0.857
0.788
0.820
0.850
1.013
0.922
0.823
0.777
0.759
0.791
0.829
0.874
1.016
0.965
0.956
0.890
0.781
0.694
0.676
0.654
0.693
0.921
0.906
0.935
0.941
0.928
0.831
0.735
0.755
0.790
0.828
0.781
0.744
0.714
0.709
0.736
0.877
0.865
0.959
0.796
0.763
0.749
0.758
0.782
0.796
0.785
0.790
0.802
0.798
0.817
0.797
0.777
0.746
0.708
0.723
0.749
0.795
0.742
0.767
0.726
0.705
0.695
0.714
0.747
0.762
0.718
0.737
0.764
0.760
0.775
0.771
0.794
0.775
0.720
0.675
0.656
0.660
0.667
0.646
0.656
0.749
0.819
0.804
0.864
0.825
0.793
0.713
0.674
0.650
0.653
0.737
0.859
0.949
0.936
0.799
0.691
0.675
0.679
0.784
0.889
0.947
0.943
0.862
0.736
0.701
0.665
0.683
0.698
0.709
0.749
0.706
0.700
0.671
0.653
0.655
0.681
0.677
0.673
0.696
0.757
0.767
0.776
0.791
0.795
0.776
0.768
0.734
0.700
0.675
0.650
0.638
0.692
0.783
0.895
0.845
0.824
0.772
0.709
0.676
0.673
0.689
0.807
0.809
0.836
0.721
0.779
0.815
0.893
0.789
0.748
0.763
0.752
0.763
0.774
0.782
0.764
0.719
0.683
0.679
0.681
0.754
0.841
0.763
0.749
0.760
0.787
0.816
0.805
0.763
0.741
0.693
0.661
0.647
0.657
0.729
0.827
0.829
0.868
0.829
0.822
0.779
0.765
0.729
0.687
0.667
0.649
0.652
0.703
0.874
0.978
0.897
0.888
0.761
0.734
0.739
0.761
0.813
0.814
0.772
0.704
0.680
0.671
0.716
0.734
0.847
0.844
0.858
0.871
0.883
0.903
0.834
0.766
0.722
0.696
0.648
0.658
0.676
0.724
0.898
0.823
0.802
0.861
0.902
0.785
0.812
0.826
0.845
0.818
0.763
0.714
0.692
0.664
0.657
0.660
0.775
0.916
0.966
0.884
0.813
0.721
0.697
0.690
0.723
0.743
0.748
0.786
0.822
0.845
0.819
0.785
0.730
0.698
0.684
0.688
0.778
0.941
0.896
0.899
0.872
0.865
0.787
0.758
0.746
0.717
0.734
0.735
0.782
0.939
0.897
0.892
0.866
0.888
0.799
0.712
0.695
0.688
0.736
0.841
0.933
0.957
0.932
0.807
0.793
0.773
0.756
0.771
0.835
0.810
0.799
0.736
0.720
0.743
0.826
0.864
0.844
0.775
0.738
0.730
0.739
0.722
0.789
0.785
0.803
0.805
0.814
0.796
0.754
0.716
0.709
0.713
0.730
0.706
0.678
0.670
0.675
0.725
0.740
0.764
0.778
0.766
0.697
0.680
0.684
0.691
0.709
0.753
0.730
0.726
0.753
0.779
0.775
0.802
0.775
0.721
0.693
0.690
0.766
0.842
0.867
0.825
0.761
0.743
0.749
0.790
0.803
0.792
0.749
0.743
0.747
0.825
0.914
0.932
0.914
0.821
0.797
0.809
0.822
0.865
0.845
0.795
0.829
0.857
0.844
0.829
0.881
0.843
0.794
0.751
0.721
0.711
0.728
0.745
0.724
0.804
0.878
0.902
0.846
0.810
0.851
0.867
0.858
0.742
0.707
0.693
0.688
0.709
0.724
0.711
0.697
0.684
0.681
0.711
0.726
0.700
0.744
0.697
0.701
0.681
0.660
0.643
0.683
0.905
0.816
0.798
0.774
0.798
0.838
0.832
0.762
0.705
0.684
0.678
0.703
0.773
0.887
0.841
0.859
0.885
0.839
0.827
0.812
0.742
0.692
0.678
0.690
0.786
0.902
0.906
0.758
0.708
0.707
0.777
1.043
1.000
0.993
0.927
0.835
0.751
0.763
0.826
0.909
0.846
0.820
0.833
0.900
0.888
0.860
0.818
0.806
0.807
0.873
0.922
0.905
0.843
0.859
0.858
0.840
0.828
0.844
0.912
0.903
0.828
0.841
0.875
0.869
0.836
0.930
1.020
0.923
0.881
0.835
0.744
0.699
0.687
0.675
0.736
0.851
0.875
0.894
0.759
0.748
0.780
0.781
0.799
0.748
0.782
0.820
0.840
0.770
0.764
0.808
0.837
0.794
0.835
0.871
0.893
0.822
0.885
0.921
0.906
0.853
0.835
0.827
0.835
0.783
0.817
0.823
0.838
0.926
0.794
0.766
0.772
0.885
1.000
0.998
1.035
0.971
0.999
0.975
0.935
0.890
0.897
0.887
0.859
0.783
0.798
0.816
0.752
0.720
0.694
0.693
0.735
0.700
0.792
0.742
0.756
0.798
0.824
0.852
0.838
0.841
0.839
0.792
0.796
0.828
0.886
0.880
0.836
0.820
0.772
0.722
0.712
0.716
0.861
0.956
0.952
0.940
0.886
0.881
0.888
0.862
0.830
0.794
0.866
0.896
0.925
0.856
0.822
0.774
0.769
0.742
0.716
0.706
0.707
1.056
1.049
0.978
0.946
0.887
0.795
0.796
0.802
0.736
0.781
0.969
1.042
1.002
0.966
0.914
0.922
0.862
0.833
0.838
0.862
0.935
0.922
0.875
