0.391
0.386
0.397
0.391
0.392
0.387
0.390
0.389
0.390
0.383
0.388
0.387
0.389
0.389
0.384
0.391
0.385
0.389
0.390
0.390
0.387
0.390
0.385
0.388
0.389
0.392
0.388
0.389
0.386
0.389
0.389
0.389
0.389
0.383
0.388
0.384
0.390
0.386
0.390
0.386
0.388
0.386
0.388
0.389
0.392
0.389
0.390
0.389
0.388
0.390
0.394
0.391
0.388
0.391
0.389
0.396
0.391
0.393
0.388
0.391
0.389
0.388
0.384
0.388
0.388
0.385
0.387
0.387
0.389
0.385
0.390
0.388
0.390
0.391
0.391
0.386
0.391
0.388
0.387
0.390
0.388
0.385
0.388
0.389
0.388
0.388
0.387
0.387
0.386
0.395
0.390
0.391
0.384
0.386
0.387
0.391
0.385
0.386
0.387
0.387
0.389
0.384
0.387
0.386
0.390
0.388
0.389
0.383
0.384
0.383
0.385
0.382
0.382
0.382
0.384
0.383
0.382
0.383
0.379
0.384
0.380
0.382
0.379
0.381
0.380
0.388
0.379
0.384
0.380
0.387
0.383
0.384
0.380
0.382
0.384
0.388
0.382
0.382
0.384
0.386
0.380
0.392
0.391
0.389
0.393
0.389
0.391
0.387
0.392
0.389
0.389
0.385
0.384
0.384
0.391
0.387
0.384
0.386
0.382
0.386
0.385
0.388
0.381
0.386
0.386
0.390
0.384
0.382
0.384
0.387
0.381
0.385
0.379
0.383
0.387
0.381
0.383
0.380
0.387
0.380
0.384
0.380
0.384
0.376
0.381
0.377
0.378
0.372
0.377
0.378
0.376
0.376
0.373
0.377
0.374
0.374
0.374
0.378
0.377
0.378
0.374
0.378
0.378
0.384
0.377
0.377
0.377
0.381
0.373
0.377
0.374
0.379
0.378
0.374
0.377
0.375
0.379
0.375
0.375
0.373
0.377
0.375
0.379
0.374
0.375
0.372
0.378
0.375
0.375
0.370
0.373
0.372
0.376
0.373
0.372
0.372
0.372
0.374
0.374
0.374
0.368
0.374
0.371
0.373
0.368
0.372
0.367
0.374
0.369
0.371
0.365
0.374
0.374
0.372
0.369
0.369
0.370
0.373
0.368
0.370
0.369
0.373
0.370
0.369
0.371
0.374
0.372
0.370
0.372
0.375
0.373
0.369
0.374
0.373
0.377
0.369
0.373
0.372
0.378
0.375
0.372
0.370
0.376
0.373
0.372
0.371
0.374
0.373
0.372
0.371
0.373
0.376
0.375
0.373
0.373
0.373
0.374
0.375
0.372
0.376
0.374
0.375
0.371
0.374
0.374
0.373
0.372
0.375
0.370
0.373
0.371
0.375
0.371
0.371
0.372
0.373
0.372
0.370
0.371
0.372
0.369
0.368
0.370
0.369
0.372
0.371
0.372
0.370
0.373
0.372
0.380
0.372
0.377
0.374
0.378
0.375
0.377
0.374
0.376
0.370
0.375
0.379
0.378
0.376
0.373
0.377
0.374
0.380
0.375
0.376
0.374
0.379
0.374
0.377
0.373
0.379
0.375
0.375
0.372
0.377
0.373
0.373
0.373
0.378
0.374
0.373
0.374
0.373
0.368
0.376
0.377
0.369
0.372
0.372
0.376
0.370
0.372
0.373
0.376
0.373
0.372
0.371
0.375
0.376
0.375
0.370
0.371
0.371
0.372
0.374
0.370
0.372
0.368
0.371
0.368
0.373
0.371
0.372
0.368
0.372
0.372
0.376
0.368
0.372
0.371
0.374
0.369
0.372
0.371
0.373
0.368
0.373
0.371
0.373
0.373
0.372
0.373
0.373
0.375
0.370
0.374
0.368
0.376
0.374
0.376
0.370
0.372
0.372
0.372
0.368
0.370
0.369
0.369
0.366
0.367
0.369
0.369
0.368
0.366
0.366
0.367
0.368
0.364
0.366
0.369
0.367
0.365
0.369
0.367
0.369
0.365
0.371
0.369
0.370
0.366
0.367
0.367
0.368
0.364
0.365
0.365
0.367
0.362
0.365
0.368
0.367
0.366
0.365
0.369
0.365
0.367
0.364
0.367
0.369
0.370
0.364
0.370
0.368
0.371
0.366
0.373
0.370
0.370
0.369
0.372
0.369
0.370
0.369
0.369
0.373
0.372
0.370
0.370
0.371
0.369
0.372
0.367
0.369
0.371
0.373
0.369
0.372
0.372
0.371
0.367
0.371
0.369
0.369
0.365
0.371
0.368
0.367
0.365
0.367
0.369
0.368
0.367
0.366
0.369
0.368
0.368
0.366
0.368
0.367
0.369
0.364
0.369
0.370
0.370
0.366
0.370
0.366
0.367
0.367
0.371
0.363
0.367
0.368
0.367
0.366
0.368
0.368
0.365
0.367
0.369
0.367
0.366
0.367
0.367
0.367
0.362
0.368
0.365
0.366
0.365
0.372
0.364
0.366
0.365
0.372
0.367
0.366
0.361
0.367
0.369
0.370
0.365
0.366
0.364
0.364
0.365
0.367
0.361
0.364
0.365
0.366
0.359
0.364
0.363
0.366
0.362
0.363
0.363
0.364
0.362
0.361
0.366
0.363
0.362
0.362
0.359
0.362
0.363
0.362
0.361
0.363
0.362
0.365
0.359
0.365
0.361
0.365
0.360
0.366
0.362
0.366
0.361
0.368
0.366
0.366
0.363
0.367
0.365
0.365
0.364
0.367
0.364
0.363
0.363
0.365
0.363
0.365
0.361
0.362
0.363
0.367
0.363
0.362
0.364
0.368
0.363
0.365
0.368
0.366
0.367
0.366
0.369
0.366
0.362
0.369
0.367
0.370
0.365
0.369
0.369
0.373
0.368
0.369
0.367
0.375
0.369
0.372
0.368
0.371
0.371
0.369
0.371
0.372
0.370
0.368
0.370
0.370
0.372
0.369
0.372
0.367
0.371
0.374
0.372
0.370
0.370
0.373
0.372
0.370
0.372
0.373
0.373
0.371
0.376
0.375
0.374
0.370
0.374
0.374
0.373
0.369
0.373
0.372
0.376
0.372
0.371
0.371
0.376
0.372
0.372
0.370
0.375
0.372
0.374
0.370
0.375
0.374
0.374
0.370
0.374
0.375
0.375
0.371
0.372
0.375
0.374
0.372
0.373
0.374
0.376
0.372
0.374
0.375
0.375
0.374
0.375
0.377
0.377
0.374
0.375
0.374
0.376
0.375
0.375
0.373
0.376
0.375
0.375
0.372
0.377
0.373
0.374
0.372
0.376
0.373
0.374
0.372
0.376
0.369
0.372
0.373
0.374
0.370
0.373
0.373
0.374
0.370
0.374
0.373
0.375
0.371
0.375
0.373
0.375
0.373
0.373
0.371
0.377
0.377
0.375
0.372
0.373
0.374
0.375
0.373
0.371
0.374
0.373
0.372
0.372
0.373
0.373
0.372
0.371
0.372
0.374
0.373
0.370
0.373
0.372
0.377
0.370
0.373
0.371
0.377
0.371
0.374
0.372
0.379
0.373
0.375
0.376
0.377
0.372
0.375
0.375
0.371
0.372
0.375
0.371
0.371
0.369
0.373
0.369
0.372
0.366
0.370
0.370
0.370
0.367
0.370
0.370
0.368
0.368
0.370
0.372
0.367
0.370
0.370
0.371
0.369
0.370
0.368
0.374
0.370
0.370
0.368
0.374
0.367
0.370
0.370
0.373
0.368
0.372
0.370
0.373
0.367
0.374
0.369
0.373
0.370
0.375
0.372
0.371
0.370
0.375
0.370
0.370
0.370
0.372
0.366
0.372
0.370
0.372
0.366
0.370
0.369
0.369
0.367
0.372
0.367
0.369
0.368
0.371
0.367
0.367
0.368
0.370
0.365
0.368
0.369
0.370
0.368
0.371
0.367
0.369
0.371
0.369
0.368
0.370
0.370
0.369
0.370
0.369
0.370
0.372
0.369
0.369
0.373
0.369
0.370
0.368
0.374
0.375
0.371
0.372
0.371
0.373
0.374
0.371
0.372
0.372
0.374
0.372
0.375
0.369
0.376
0.372
0.377
0.374
0.377
0.373
0.378
0.376
0.374
0.373
0.377
0.375
0.373
0.371
0.376
0.372
0.373
0.374
0.374
0.370
0.374
0.374
0.374
0.372
0.375
0.372
0.373
0.374
0.374
0.372
0.374
0.374
0.371
0.372
0.374
0.372
0.370
0.373
0.370
0.371
0.370
0.375
0.369
0.374
0.373
0.374
0.373
0.378
0.373
0.377
0.376
0.376
0.375
0.377
0.374
0.379
0.376
0.376
0.376
0.375
0.374
0.378
0.374
0.377
0.375
0.372
0.376
0.375
0.375
0.376
0.379
0.376
0.375
0.377
0.377
0.377
0.378
0.380
0.377
0.377
0.377
0.378
0.378
0.374
0.378
0.377
0.379
0.376
0.381
